24896 24914 14 
25034 25060 13 
25060 25072 12 
25072 25078 11 
25078 25086 10 
25086 25088 10 
25088 25095 9 
25095 25097 9 
25097 25102 8 
25102 25107 8 
25107 25115 7 
25115 25127 7 
25127 25181 6 
25181 25186 5 
25186 25197 4 
25197 25199 4 
25199 25203 3 
25203 25213 2 
25213 25217 2 
25217 25221 1 
25221 25245 0 
25245 25257 12 
25257 25271 11 
25271 25288 5 
25288 25292 7 
25292 25310 7 
25310 25323 6 
30416 30488 20 
30488 30498 19 
30498 30532 18 
30560 30577 17 
30615 30661 16 
30661 30668 16 
30668 30699 15 
30699 30708 15 
30708 30724 14 
30724 30740 13 
30740 30753 12 
30753 30761 11 
30761 30769 10 
30769 30783 9 
30783 30791 8 
30791 30803 7 
30803 30815 6 
30815 30823 5 
30823 30835 4 
30835 30856 3 
30900 30964 2 
30964 30995 1 
20 0 0